+-------+-----+------+-----+-----+-----+--------+-------------------------------------+-------+-------+---------+-------+-------+-------+-------+--------+------------+------------+--------------+------------+
| COUNT | 1XX | 2XX  | 3XX | 4XX | 5XX | METHOD |                 URI                 |  MIN  |  MAX  |   SUM   |  AVG  |  P1   |  P50  |  P99  | STDDEV | MIN(BODY)  | MAX(BODY)  |  SUM(BODY)   | AVG(BODY)  |
+-------+-----+------+-----+-----+-----+--------+-------------------------------------+-------+-------+---------+-------+-------+-------+-------+--------+------------+------------+--------------+------------+
|   182 |   0 |  173 |   0 |   9 |   0 | GET    | /users/transactions.json            | 0.040 | 7.260 | 507.069 | 2.786 | 0.176 | 4.064 | 0.538 |  1.612 |      0.000 |  28798.000 |  3580170.000 |  19671.264 |
|     1 |   0 |    1 |   0 |   0 |   0 | POST   | /initialize                         | 6.873 | 6.873 |   6.873 | 6.873 | 6.873 | 6.873 | 6.873 |  0.000 |     31.000 |     31.000 |       31.000 |     31.000 |
|    61 |   0 |   32 |   0 |  29 |   0 | POST   | /buy                                | 1.104 | 1.680 |  59.273 | 0.972 | 0.000 | 1.608 | 1.104 |  0.781 |      0.000 |     49.000 |     2154.000 |     35.311 |
|    26 |   0 |   24 |   0 |   2 |   0 | POST   | /complete                           | 0.004 | 1.556 |  19.243 | 0.740 | 0.004 | 0.812 | 0.779 |  0.301 |      0.000 |     34.000 |      816.000 |     31.385 |
|    44 |   0 |   32 |   0 |  12 |   0 | POST   | /ship                               | 0.004 | 0.844 |  23.665 | 0.538 | 0.000 | 0.808 | 0.808 |  0.384 |     29.000 |     61.000 |     2348.000 |     53.364 |
|   926 |   0 |  925 |   0 |   1 |   0 | GET    | /new_items/\d+                      | 0.007 | 0.832 | 127.279 | 0.137 | 0.144 | 0.028 | 0.184 |  0.128 |      0.000 |  24073.000 | 21763052.000 |  23502.216 |
|    46 |   0 |   28 |   0 |  18 |   0 | POST   | /ship_done                          | 0.004 | 0.812 |  24.254 | 0.527 | 0.004 | 0.808 | 0.809 |  0.383 |     29.000 |     83.000 |     1846.000 |     40.130 |
|  2754 |   0 | 2754 |   0 |   0 |   0 | GET    | /items/\d+                          | 0.004 | 0.616 |   8.116 | 0.003 | 0.000 | 0.004 | 0.004 |  0.014 |   1787.000 |   4096.000 |  6043196.000 |   2194.334 |
|   133 |   0 |  133 |   0 |   0 |   0 | GET    | /new_items.json                     | 0.040 | 0.532 |  29.848 | 0.224 | 0.216 | 0.064 | 0.044 |  0.129 |  23095.000 |  23933.000 |  3117015.000 |  23436.203 |
|    62 |   0 |   54 |   0 |   8 |   0 | POST   | /login                              | 0.084 | 0.492 |  12.468 | 0.201 | 0.200 | 0.380 | 0.088 |  0.113 |     73.000 |    106.000 |     5871.000 |     94.694 |
|    59 |   0 |   38 |   0 |  21 |   0 | POST   | /sell                               | 0.004 | 0.424 |   2.256 | 0.038 | 0.004 | 0.004 | 0.004 |  0.095 |     13.000 |    106.000 |     2181.000 |     36.966 |
|   291 |   0 |  291 |   0 |   0 |   0 | GET    | /users/\d+                          | 0.020 | 0.336 |  31.689 | 0.109 | 0.216 | 0.024 | 0.024 |  0.092 |     95.000 |  24016.000 |  4138724.000 |  14222.419 |
|    54 |   0 |   54 |   0 |   0 |   0 | GET    | /settings                           | 0.000 | 0.288 |   3.972 | 0.074 | 0.120 | 0.152 | 0.004 |  0.080 |   2955.000 |   2970.000 |   159943.000 |   2961.907 |
|    13 |   0 |   13 |   0 |   0 |   0 | POST   | /bump                               | 0.004 | 0.204 |   0.292 | 0.022 | 0.008 | 0.004 | 0.004 |  0.053 |     90.000 |     92.000 |     1182.000 |     90.923 |
|    58 |   0 |   58 |   0 |   0 |   0 | GET    | /upload/.+                          | 0.000 | 0.088 |   0.456 | 0.008 | 0.004 | 0.008 | 0.000 |  0.015 |  51614.000 | 152402.000 |  4691380.000 |  80885.862 |
|     1 |   0 |    1 |   0 |   0 |   0 | GET    | /static/css/main.19393e92.chunk.css | 0.040 | 0.040 |   0.040 | 0.040 | 0.040 | 0.040 | 0.040 |  0.000 |    994.000 |    994.000 |      994.000 |    994.000 |
|     9 |   0 |    3 |   0 |   6 |   0 | POST   | /items/edit                         | 0.000 | 0.016 |   0.044 | 0.005 | 0.004 | 0.004 | 0.004 |  0.006 |     58.000 |     93.000 |      625.000 |     69.444 |
|     1 |   0 |    1 |   0 |   0 |   0 | GET    | /static/js/main.babc3d4d.chunk.js   | 0.008 | 0.008 |   0.008 | 0.008 | 0.008 | 0.008 | 0.008 |  0.000 |  90365.000 |  90365.000 |    90365.000 |  90365.000 |
|    40 |   0 |   28 |   0 |  12 |   0 | GET    | /transactions/\d+                   | 0.004 | 0.008 |   0.092 | 0.002 | 0.000 | 0.004 | 0.000 |  0.003 |     33.000 |    727.000 |    20475.000 |    511.875 |
|     1 |   0 |    1 |   0 |   0 |   0 | GET    | /static/js/2.ff6e1067.chunk.js      | 0.008 | 0.008 |   0.008 | 0.008 | 0.008 | 0.008 | 0.008 |  0.000 | 508459.000 | 508459.000 |   508459.000 | 508459.000 |
|     1 |   0 |    1 |   0 |   0 |   0 | GET    | /static/js/runtime~main.a8a9905a.js | 0.004 | 0.004 |   0.004 | 0.004 | 0.004 | 0.004 | 0.004 |  0.000 |   1502.000 |   1502.000 |     1502.000 |   1502.000 |
|     1 |   0 |    1 |   0 |   0 |   0 | GET    | /reports.json                       | 0.000 | 0.000 |   0.000 | 0.000 | 0.000 | 0.000 | 0.000 |  0.000 | 119084.000 | 119084.000 |   119084.000 | 119084.000 |
+-------+-----+------+-----+-----+-----+--------+-------------------------------------+-------+-------+---------+-------+-------+-------+-------+--------+------------+------------+--------------+------------+
